=== Scheme: mod=120, bucketSize=1, strategy=LINEAR ===
Runtime: 6.5207000 ms
=========================
Hash table size: 120
Strategy: LINEAR
Bucket Size: 1
Hashing Method: division
Collisions: 918
Comparisons: 1134
Items not inserted: 12
Load factor: 0.90

Resulting table:
[600]	[1200]	[1800]	[2400]	[3000]	
[3600]	[4200]	[4800]	[5400]	[6000]	
[6600]	[7200]	[7800]	[8400]	[9000]	
[9600]	[10200]	[10800]	[  ]	[  ]	
[500]	[1100]	[1700]	[2300]	[2900]	
[3500]	[4100]	[4700]	[5300]	[5900]	
[6500]	[7100]	[7700]	[8300]	[8900]	
[9500]	[10100]	[10700]	[  ]	[  ]	
[400]	[1000]	[1600]	[2200]	[2800]	
[3400]	[4000]	[4600]	[5200]	[5800]	
[6400]	[7000]	[7600]	[8200]	[8800]	
[9400]	[10000]	[10600]	[  ]	[  ]	
[300]	[900]	[1500]	[2100]	[2700]	
[3300]	[3900]	[4500]	[5100]	[5700]	
[6300]	[6900]	[7500]	[8100]	[8700]	
[9300]	[9900]	[10500]	[  ]	[  ]	
[200]	[800]	[1400]	[2000]	[2600]	
[3200]	[3800]	[4400]	[5000]	[5600]	
[6200]	[6800]	[7400]	[8000]	[8600]	
[9200]	[9800]	[10400]	[  ]	[  ]	
[100]	[700]	[1300]	[1900]	[2500]	
[3100]	[3700]	[4300]	[4900]	[5500]	
[6100]	[6700]	[7300]	[7900]	[8500]	
[9100]	[9700]	[10300]	[  ]	[  ]	



=== Scheme: mod=120, bucketSize=1, strategy=QUADRATIC ===
Runtime: 2.2428000 ms
=========================
Hash table size: 120
Strategy: QUADRATIC
Bucket Size: 1
Hashing Method: division
Collisions: 8730
Comparisons: 8874
Items not inserted: 84
Load factor: 0.30

Resulting table:
[600]	[1200]	[  ]	[  ]	[1800]	
[3100]	[  ]	[  ]	[  ]	[2400]	
[  ]	[  ]	[  ]	[  ]	[  ]	
[  ]	[3000]	[  ]	[  ]	[  ]	
[500]	[1100]	[  ]	[  ]	[1700]	
[3600]	[  ]	[  ]	[  ]	[2300]	
[  ]	[  ]	[  ]	[  ]	[  ]	
[  ]	[2900]	[  ]	[  ]	[  ]	
[400]	[1000]	[  ]	[  ]	[1600]	
[3500]	[  ]	[  ]	[  ]	[2200]	
[  ]	[  ]	[  ]	[  ]	[  ]	
[  ]	[2800]	[  ]	[  ]	[  ]	
[300]	[900]	[  ]	[  ]	[1500]	
[3400]	[  ]	[  ]	[  ]	[2100]	
[  ]	[  ]	[  ]	[  ]	[  ]	
[  ]	[2700]	[  ]	[  ]	[  ]	
[200]	[800]	[  ]	[  ]	[1400]	
[3300]	[  ]	[  ]	[  ]	[2000]	
[  ]	[  ]	[  ]	[  ]	[  ]	
[  ]	[2600]	[  ]	[  ]	[  ]	
[100]	[700]	[  ]	[  ]	[1300]	
[3200]	[  ]	[  ]	[  ]	[1900]	
[  ]	[  ]	[  ]	[  ]	[  ]	
[  ]	[2500]	[  ]	[  ]	[  ]	



=== Scheme: mod=120, bucketSize=1, strategy=CHAINING ===
Runtime: 2.0437000 ms
=========================
Hash table size: 120
Strategy: CHAINING
Bucket Size: 1
Hashing Method: division
Collisions: 102
Comparisons: 108
Items not inserted: 12
Load factor: 0.90

Resulting table:
[ 600 1200 1800 2400 3000 3600 4200 4800 5400 6000 6600 7200 7800 8400 9000 9600 10200 10800 ]    [ ]    [ ]    [ ]    [ ]    
[ ]    [ ]    [ ]    [ ]    [ ]    
[ ]    [ ]    [ ]    [ ]    [ ]    
[ ]    [ ]    [ ]    [ ]    [ ]    
[ 500 1100 1700 2300 2900 3500 4100 4700 5300 5900 6500 7100 7700 8300 8900 9500 10100 10700 ]    [ ]    [ ]    [ ]    [ ]    
[ ]    [ ]    [ ]    [ ]    [ ]    
[ ]    [ ]    [ ]    [ ]    [ ]    
[ ]    [ ]    [ ]    [ ]    [ ]    
[ 400 1000 1600 2200 2800 3400 4000 4600 5200 5800 6400 7000 7600 8200 8800 9400 10000 10600 ]    [ ]    [ ]    [ ]    [ ]    
[ ]    [ ]    [ ]    [ ]    [ ]    
[ ]    [ ]    [ ]    [ ]    [ ]    
[ ]    [ ]    [ ]    [ ]    [ ]    
[ 300 900 1500 2100 2700 3300 3900 4500 5100 5700 6300 6900 7500 8100 8700 9300 9900 10500 ]    [ ]    [ ]    [ ]    [ ]    
[ ]    [ ]    [ ]    [ ]    [ ]    
[ ]    [ ]    [ ]    [ ]    [ ]    
[ ]    [ ]    [ ]    [ ]    [ ]    
[ 200 800 1400 2000 2600 3200 3800 4400 5000 5600 6200 6800 7400 8000 8600 9200 9800 10400 ]    [ ]    [ ]    [ ]    [ ]    
[ ]    [ ]    [ ]    [ ]    [ ]    
[ ]    [ ]    [ ]    [ ]    [ ]    
[ ]    [ ]    [ ]    [ ]    [ ]    
[ 100 700 1300 1900 2500 3100 3700 4300 4900 5500 6100 6700 7300 7900 8500 9100 9700 10300 ]    [ ]    [ ]    [ ]    [ ]    
[ ]    [ ]    [ ]    [ ]    [ ]    
[ ]    [ ]    [ ]    [ ]    [ ]    
[ ]    [ ]    [ ]    [ ]    [ ]    



=== Scheme: mod=127, bucketSize=1, strategy=LINEAR ===
Runtime: 1.1587000 ms
=========================
Hash table size: 127
Strategy: LINEAR
Bucket Size: 1
Hashing Method: division
Collisions: 0
Comparisons: 216
Items not inserted: 19
Load factor: 0.85

Resulting table:
[  ]	[4700]	[9400]	[1400]	[6100]	
[10800]	[2800]	[7500]	[  ]	[4200]	
[8900]	[900]	[5600]	[10300]	[2300]	
[7000]	[  ]	[3700]	[8400]	[400]	
[5100]	[9800]	[1800]	[6500]	[  ]	
[3200]	[7900]	[  ]	[4600]	[9300]	
[1300]	[6000]	[10700]	[2700]	[7400]	
[  ]	[4100]	[8800]	[800]	[5500]	
[10200]	[2200]	[6900]	[  ]	[3600]	
[8300]	[300]	[5000]	[9700]	[1700]	
[6400]	[  ]	[3100]	[7800]	[  ]	
[4500]	[9200]	[1200]	[5900]	[10600]	
[2600]	[7300]	[  ]	[4000]	[8700]	
[700]	[5400]	[10100]	[2100]	[6800]	
[  ]	[3500]	[8200]	[200]	[4900]	
[9600]	[1600]	[6300]	[  ]	[3000]	
[7700]	[  ]	[4400]	[9100]	[1100]	
[5800]	[10500]	[2500]	[7200]	[  ]	
[3900]	[8600]	[600]	[5300]	[10000]	
[2000]	[6700]	[  ]	[3400]	[8100]	
[100]	[4800]	[9500]	[1500]	[6200]	
[  ]	[2900]	[7600]	[  ]	[4300]	
[9000]	[1000]	[5700]	[10400]	[2400]	
[7100]	[  ]	[3800]	[8500]	[500]	
[5200]	[9900]	[1900]	[6600]	[  ]	
[3300]	[8000]	


=== Scheme: mod=127, bucketSize=1, strategy=QUADRATIC ===
Runtime: 0.9431000 ms
=========================
Hash table size: 127
Strategy: QUADRATIC
Bucket Size: 1
Hashing Method: division
Collisions: 0
Comparisons: 216
Items not inserted: 19
Load factor: 0.85

Resulting table:
[  ]	[4700]	[9400]	[1400]	[6100]	
[10800]	[2800]	[7500]	[  ]	[4200]	
[8900]	[900]	[5600]	[10300]	[2300]	
[7000]	[  ]	[3700]	[8400]	[400]	
[5100]	[9800]	[1800]	[6500]	[  ]	
[3200]	[7900]	[  ]	[4600]	[9300]	
[1300]	[6000]	[10700]	[2700]	[7400]	
[  ]	[4100]	[8800]	[800]	[5500]	
[10200]	[2200]	[6900]	[  ]	[3600]	
[8300]	[300]	[5000]	[9700]	[1700]	
[6400]	[  ]	[3100]	[7800]	[  ]	
[4500]	[9200]	[1200]	[5900]	[10600]	
[2600]	[7300]	[  ]	[4000]	[8700]	
[700]	[5400]	[10100]	[2100]	[6800]	
[  ]	[3500]	[8200]	[200]	[4900]	
[9600]	[1600]	[6300]	[  ]	[3000]	
[7700]	[  ]	[4400]	[9100]	[1100]	
[5800]	[10500]	[2500]	[7200]	[  ]	
[3900]	[8600]	[600]	[5300]	[10000]	
[2000]	[6700]	[  ]	[3400]	[8100]	
[100]	[4800]	[9500]	[1500]	[6200]	
[  ]	[2900]	[7600]	[  ]	[4300]	
[9000]	[1000]	[5700]	[10400]	[2400]	
[7100]	[  ]	[3800]	[8500]	[500]	
[5200]	[9900]	[1900]	[6600]	[  ]	
[3300]	[8000]	


=== Scheme: mod=127, bucketSize=1, strategy=CHAINING ===
Runtime: 0.9839000 ms
=========================
Hash table size: 127
Strategy: CHAINING
Bucket Size: 1
Hashing Method: division
Collisions: 0
Comparisons: 108
Items not inserted: 19
Load factor: 0.85

Resulting table:
[ ]    [ 4700 ]    [ 9400 ]    [ 1400 ]    [ 6100 ]    
[ 10800 ]    [ 2800 ]    [ 7500 ]    [ ]    [ 4200 ]    
[ 8900 ]    [ 900 ]    [ 5600 ]    [ 10300 ]    [ 2300 ]    
[ 7000 ]    [ ]    [ 3700 ]    [ 8400 ]    [ 400 ]    
[ 5100 ]    [ 9800 ]    [ 1800 ]    [ 6500 ]    [ ]    
[ 3200 ]    [ 7900 ]    [ ]    [ 4600 ]    [ 9300 ]    
[ 1300 ]    [ 6000 ]    [ 10700 ]    [ 2700 ]    [ 7400 ]    
[ ]    [ 4100 ]    [ 8800 ]    [ 800 ]    [ 5500 ]    
[ 10200 ]    [ 2200 ]    [ 6900 ]    [ ]    [ 3600 ]    
[ 8300 ]    [ 300 ]    [ 5000 ]    [ 9700 ]    [ 1700 ]    
[ 6400 ]    [ ]    [ 3100 ]    [ 7800 ]    [ ]    
[ 4500 ]    [ 9200 ]    [ 1200 ]    [ 5900 ]    [ 10600 ]    
[ 2600 ]    [ 7300 ]    [ ]    [ 4000 ]    [ 8700 ]    
[ 700 ]    [ 5400 ]    [ 10100 ]    [ 2100 ]    [ 6800 ]    
[ ]    [ 3500 ]    [ 8200 ]    [ 200 ]    [ 4900 ]    
[ 9600 ]    [ 1600 ]    [ 6300 ]    [ ]    [ 3000 ]    
[ 7700 ]    [ ]    [ 4400 ]    [ 9100 ]    [ 1100 ]    
[ 5800 ]    [ 10500 ]    [ 2500 ]    [ 7200 ]    [ ]    
[ 3900 ]    [ 8600 ]    [ 600 ]    [ 5300 ]    [ 10000 ]    
[ 2000 ]    [ 6700 ]    [ ]    [ 3400 ]    [ 8100 ]    
[ 100 ]    [ 4800 ]    [ 9500 ]    [ 1500 ]    [ 6200 ]    
[ ]    [ 2900 ]    [ 7600 ]    [ ]    [ 4300 ]    
[ 9000 ]    [ 1000 ]    [ 5700 ]    [ 10400 ]    [ 2400 ]    
[ 7100 ]    [ ]    [ 3800 ]    [ 8500 ]    [ 500 ]    
[ 5200 ]    [ 9900 ]    [ 1900 ]    [ 6600 ]    [ ]    
[ 3300 ]    [ 8000 ]    


=== Scheme: mod=113, bucketSize=1, strategy=LINEAR ===
Runtime: 1.1403000 ms
=========================
Hash table size: 113
Strategy: LINEAR
Bucket Size: 1
Hashing Method: division
Collisions: 0
Comparisons: 216
Items not inserted: 5
Load factor: 0.96

Resulting table:
[  ]	[2600]	[5200]	[7800]	[10400]	
[1700]	[4300]	[6900]	[9500]	[800]	
[3400]	[6000]	[8600]	[  ]	[2500]	
[5100]	[7700]	[10300]	[1600]	[4200]	
[6800]	[9400]	[700]	[3300]	[5900]	
[8500]	[  ]	[2400]	[5000]	[7600]	
[10200]	[1500]	[4100]	[6700]	[9300]	
[600]	[3200]	[5800]	[8400]	[  ]	
[2300]	[4900]	[7500]	[10100]	[1400]	
[4000]	[6600]	[9200]	[500]	[3100]	
[5700]	[8300]	[  ]	[2200]	[4800]	
[7400]	[10000]	[1300]	[3900]	[6500]	
[9100]	[400]	[3000]	[5600]	[8200]	
[10800]	[2100]	[4700]	[7300]	[9900]	
[1200]	[3800]	[6400]	[9000]	[300]	
[2900]	[5500]	[8100]	[10700]	[2000]	
[4600]	[7200]	[9800]	[1100]	[3700]	
[6300]	[8900]	[200]	[2800]	[5400]	
[8000]	[10600]	[1900]	[4500]	[7100]	
[9700]	[1000]	[3600]	[6200]	[8800]	
[100]	[2700]	[5300]	[7900]	[10500]	
[1800]	[4400]	[7000]	[9600]	[900]	
[3500]	[6100]	[8700]	


=== Scheme: mod=113, bucketSize=1, strategy=QUADRATIC ===
Runtime: 0.9889000 ms
=========================
Hash table size: 113
Strategy: QUADRATIC
Bucket Size: 1
Hashing Method: division
Collisions: 0
Comparisons: 216
Items not inserted: 5
Load factor: 0.96

Resulting table:
[  ]	[2600]	[5200]	[7800]	[10400]	
[1700]	[4300]	[6900]	[9500]	[800]	
[3400]	[6000]	[8600]	[  ]	[2500]	
[5100]	[7700]	[10300]	[1600]	[4200]	
[6800]	[9400]	[700]	[3300]	[5900]	
[8500]	[  ]	[2400]	[5000]	[7600]	
[10200]	[1500]	[4100]	[6700]	[9300]	
[600]	[3200]	[5800]	[8400]	[  ]	
[2300]	[4900]	[7500]	[10100]	[1400]	
[4000]	[6600]	[9200]	[500]	[3100]	
[5700]	[8300]	[  ]	[2200]	[4800]	
[7400]	[10000]	[1300]	[3900]	[6500]	
[9100]	[400]	[3000]	[5600]	[8200]	
[10800]	[2100]	[4700]	[7300]	[9900]	
[1200]	[3800]	[6400]	[9000]	[300]	
[2900]	[5500]	[8100]	[10700]	[2000]	
[4600]	[7200]	[9800]	[1100]	[3700]	
[6300]	[8900]	[200]	[2800]	[5400]	
[8000]	[10600]	[1900]	[4500]	[7100]	
[9700]	[1000]	[3600]	[6200]	[8800]	
[100]	[2700]	[5300]	[7900]	[10500]	
[1800]	[4400]	[7000]	[9600]	[900]	
[3500]	[6100]	[8700]	


=== Scheme: mod=113, bucketSize=1, strategy=CHAINING ===
Runtime: 0.8452000 ms
=========================
Hash table size: 113
Strategy: CHAINING
Bucket Size: 1
Hashing Method: division
Collisions: 0
Comparisons: 108
Items not inserted: 5
Load factor: 0.96

Resulting table:
[ ]    [ 2600 ]    [ 5200 ]    [ 7800 ]    [ 10400 ]    
[ 1700 ]    [ 4300 ]    [ 6900 ]    [ 9500 ]    [ 800 ]    
[ 3400 ]    [ 6000 ]    [ 8600 ]    [ ]    [ 2500 ]    
[ 5100 ]    [ 7700 ]    [ 10300 ]    [ 1600 ]    [ 4200 ]    
[ 6800 ]    [ 9400 ]    [ 700 ]    [ 3300 ]    [ 5900 ]    
[ 8500 ]    [ ]    [ 2400 ]    [ 5000 ]    [ 7600 ]    
[ 10200 ]    [ 1500 ]    [ 4100 ]    [ 6700 ]    [ 9300 ]    
[ 600 ]    [ 3200 ]    [ 5800 ]    [ 8400 ]    [ ]    
[ 2300 ]    [ 4900 ]    [ 7500 ]    [ 10100 ]    [ 1400 ]    
[ 4000 ]    [ 6600 ]    [ 9200 ]    [ 500 ]    [ 3100 ]    
[ 5700 ]    [ 8300 ]    [ ]    [ 2200 ]    [ 4800 ]    
[ 7400 ]    [ 10000 ]    [ 1300 ]    [ 3900 ]    [ 6500 ]    
[ 9100 ]    [ 400 ]    [ 3000 ]    [ 5600 ]    [ 8200 ]    
[ 10800 ]    [ 2100 ]    [ 4700 ]    [ 7300 ]    [ 9900 ]    
[ 1200 ]    [ 3800 ]    [ 6400 ]    [ 9000 ]    [ 300 ]    
[ 2900 ]    [ 5500 ]    [ 8100 ]    [ 10700 ]    [ 2000 ]    
[ 4600 ]    [ 7200 ]    [ 9800 ]    [ 1100 ]    [ 3700 ]    
[ 6300 ]    [ 8900 ]    [ 200 ]    [ 2800 ]    [ 5400 ]    
[ 8000 ]    [ 10600 ]    [ 1900 ]    [ 4500 ]    [ 7100 ]    
[ 9700 ]    [ 1000 ]    [ 3600 ]    [ 6200 ]    [ 8800 ]    
[ 100 ]    [ 2700 ]    [ 5300 ]    [ 7900 ]    [ 10500 ]    
[ 1800 ]    [ 4400 ]    [ 7000 ]    [ 9600 ]    [ 900 ]    
[ 3500 ]    [ 6100 ]    [ 8700 ]    


=== Scheme: mod=41, bucketSize=3, strategy=LINEAR ===
Runtime: 0.7986000 ms
=========================
Hash table size: 41
Strategy: LINEAR
Bucket Size: 3
Hashing Method: division
Collisions: 906
Comparisons: 2904
Items not inserted: 2
Load factor: 0.95

Resulting table:
[ 00300 00600 00900 ] [ 01600 01900 02200 ] [ 02500 03200 03500 ] 
[ 00700 01000 01300 ] [ 02300 02600 02900 ] [ 00100 00400 03800 ] 
[ 01400 01700 02000 ] [ 03000 03300 03600 ] [ 00500 00800 01100 ] 
[ 02100 02400 02700 ] [ 00200 03700 03900 ] [ 01200 01500 01800 ] 
[ 02800 03100 03400 ] 


=== Scheme: mod=41, bucketSize=3, strategy=QUADRATIC ===
Runtime: 0.9921000 ms
=========================
Hash table size: 41
Strategy: QUADRATIC
Bucket Size: 3
Hashing Method: division
Collisions: 902
Comparisons: 2892
Items not inserted: 2
Load factor: 0.95

Resulting table:
[ 00300 00600 00900 ] [ 01600 01900 02200 ] [ 02500 03200 03500 ] 
[ 00700 01000 01300 ] [ 02300 02600 02900 ] [ 00100 00400 03800 ] 
[ 01400 01700 02000 ] [ 03000 03300 03600 ] [ 00500 00800 01100 ] 
[ 02100 02400 02700 ] [ 00200 03700 04000 ] [ 01200 01500 01800 ] 
[ 02800 03100 03400 ] 


=== Scheme: studentHash, bucketSize=1, strategy=LINEAR ===
Runtime: 0.8756000 ms
=========================
Hash table size: 120
Strategy: LINEAR
Bucket Size: 1
Hashing Method: student
Collisions: 6
Comparisons: 222
Items not inserted: 12
Load factor: 0.90

Resulting table:
[6100]	[  ]	[500]	[6600]	[1000]	
[7100]	[1500]	[7600]	[2000]	[8100]	
[2500]	[8600]	[3000]	[9100]	[3500]	
[9600]	[4000]	[10100]	[4500]	[10600]	
[5000]	[  ]	[5500]	[  ]	[6000]	
[400]	[6500]	[900]	[7000]	[1400]	
[7500]	[1900]	[8000]	[2400]	[8500]	
[2900]	[9000]	[3400]	[9500]	[3900]	
[10000]	[4400]	[10500]	[4900]	[  ]	
[  ]	[5400]	[  ]	[5900]	[300]	
[6400]	[800]	[6900]	[1300]	[7400]	
[1800]	[7900]	[2300]	[8400]	[2800]	
[8900]	[3300]	[9400]	[3800]	[9900]	
[4300]	[10400]	[4800]	[  ]	[5300]	
[  ]	[5800]	[200]	[6300]	[700]	
[6800]	[1200]	[7300]	[1700]	[7800]	
[2200]	[8300]	[  ]	[2700]	[8800]	
[3200]	[9300]	[3700]	[9800]	[4200]	
[10300]	[4700]	[10800]	[5200]	[  ]	
[5700]	[100]	[6200]	[600]	[6700]	
[1100]	[7200]	[1600]	[7700]	[2100]	
[8200]	[2600]	[8700]	[3100]	[9200]	
[3600]	[9700]	[4100]	[10200]	[4600]	
[10700]	[5100]	[  ]	[5600]	[  ]	



=== Scheme: studentHash, bucketSize=1, strategy=QUADRATIC ===
Runtime: 0.6406000 ms
=========================
Hash table size: 120
Strategy: QUADRATIC
Bucket Size: 1
Hashing Method: student
Collisions: 6
Comparisons: 222
Items not inserted: 12
Load factor: 0.90

Resulting table:
[6100]	[  ]	[500]	[6600]	[1000]	
[7100]	[1500]	[7600]	[2000]	[8100]	
[2500]	[8600]	[3000]	[9100]	[3500]	
[9600]	[4000]	[10100]	[4500]	[10600]	
[5000]	[  ]	[5500]	[  ]	[6000]	
[400]	[6500]	[900]	[7000]	[1400]	
[7500]	[1900]	[8000]	[2400]	[8500]	
[2900]	[9000]	[3400]	[9500]	[3900]	
[10000]	[4400]	[10500]	[4900]	[  ]	
[  ]	[5400]	[  ]	[5900]	[300]	
[6400]	[800]	[6900]	[1300]	[7400]	
[1800]	[7900]	[2300]	[8400]	[2800]	
[8900]	[3300]	[9400]	[3800]	[9900]	
[4300]	[10400]	[4800]	[  ]	[5300]	
[  ]	[5800]	[200]	[6300]	[700]	
[6800]	[1200]	[7300]	[1700]	[7800]	
[2200]	[8300]	[  ]	[2700]	[8800]	
[3200]	[9300]	[3700]	[9800]	[4200]	
[10300]	[4700]	[10800]	[5200]	[  ]	
[5700]	[100]	[6200]	[600]	[6700]	
[1100]	[7200]	[1600]	[7700]	[2100]	
[8200]	[2600]	[8700]	[3100]	[9200]	
[3600]	[9700]	[4100]	[10200]	[4600]	
[10700]	[5100]	[  ]	[5600]	[  ]	



=== Scheme: studentHash, bucketSize=1, strategy=CHAINING ===
Runtime: 0.6762000 ms
=========================
Hash table size: 120
Strategy: CHAINING
Bucket Size: 1
Hashing Method: student
Collisions: 6
Comparisons: 108
Items not inserted: 12
Load factor: 0.90

Resulting table:
[ 6100 ]    [ ]    [ 500 6600 ]    [ ]    [ 1000 7100 ]    
[ ]    [ 1500 7600 ]    [ ]    [ 2000 ]    [ 8100 ]    
[ 2500 ]    [ 8600 ]    [ 3000 ]    [ 9100 ]    [ 3500 ]    
[ 9600 ]    [ 4000 ]    [ 10100 ]    [ 4500 ]    [ 10600 ]    
[ 5000 ]    [ ]    [ 5500 ]    [ ]    [ 6000 ]    
[ 400 ]    [ 6500 ]    [ 900 ]    [ 7000 ]    [ 1400 ]    
[ 7500 ]    [ 1900 ]    [ 8000 ]    [ 2400 ]    [ 8500 ]    
[ 2900 ]    [ 9000 ]    [ 3400 ]    [ 9500 ]    [ 3900 ]    
[ 10000 ]    [ 4400 ]    [ 10500 ]    [ 4900 ]    [ ]    
[ ]    [ 5400 ]    [ ]    [ 5900 ]    [ 300 ]    
[ 6400 ]    [ 800 ]    [ 6900 ]    [ 1300 ]    [ 7400 ]    
[ 1800 ]    [ 7900 ]    [ 2300 ]    [ 8400 ]    [ 2800 ]    
[ 8900 ]    [ 3300 ]    [ 9400 ]    [ 3800 ]    [ 9900 ]    
[ 4300 ]    [ 10400 ]    [ 4800 ]    [ ]    [ 5300 ]    
[ ]    [ 5800 ]    [ 200 ]    [ 6300 ]    [ 700 ]    
[ 6800 ]    [ 1200 ]    [ 7300 ]    [ 1700 ]    [ 7800 ]    
[ 2200 ]    [ 8300 ]    [ ]    [ 2700 8800 ]    [ ]    
[ 3200 9300 ]    [ ]    [ 3700 9800 ]    [ ]    [ 4200 ]    
[ 10300 ]    [ 4700 ]    [ 10800 ]    [ 5200 ]    [ ]    
[ 5700 ]    [ 100 ]    [ 6200 ]    [ 600 ]    [ 6700 ]    
[ 1100 ]    [ 7200 ]    [ 1600 ]    [ 7700 ]    [ 2100 ]    
[ 8200 ]    [ 2600 ]    [ 8700 ]    [ 3100 ]    [ 9200 ]    
[ 3600 ]    [ 9700 ]    [ 4100 ]    [ 10200 ]    [ 4600 ]    
[ 10700 ]    [ 5100 ]    [ ]    [ 5600 ]    [ ]    



